8,N.R.,3,4,6
8,Murah,3,4,6
9,Murah,4,4,3
9,Murah,4,4,4
7,Murah,3,4,11
7,Murah,3,4,8
8,Murah,4,4,6
7.5,Murah,4,3.5,10
6,Murah,2,4,11
6.5,Murah,3,3.5,8
7,Murah,3,4,5
7.5,Murah,4,3.5,6
7.5,Murah,4,3.5,6
6,Murah,2,4,5
8,Murah,4,4,8
7,Murah,3,4,8
7.5,Murah,4,3.5,6
8,Murah,3,4,3
8.5,Murah,4,4,8
7,Murah,5,3.5,8
5.5,Murah,2,4,5.5
7,Murah,4,4,6
8.5,Murah,4,4.5,8
6.5,H.F,2,3.2,6
7.5,H.F,3,3.2,5
6,H.F,3,3,7
7,H.F,3,3,7
7.5,Jersi,4,3.5,8.5
5.5,H.F,3,3,12
5,H.F,2,3,14
6.5,H.F,3,2.5,8
6.5,H.F,3,3,7
6.5,H.F,5,2.5,7
6.5,H.F,4,2.5,10
7.5,H.F,4,2.5,7
6.5,H.F,3,3,8
4.5,H.F,1,3,10
4.5,H.F,1,3,10
6,Murah,2,4,10
7,Murah,3,4,8
10.5,Murah,5,4,6
9.2,Murah,3,4.2,5
6.5,Murah,3,3.5,4
5,Murah,1,4,5
9.11,Murah,5,4.5,6
7.2,Murah,3,4,5.5
7.5,Murah,3,3.11,6.5
9.1,Murah,5,4.3,7
8,Murah,3,4,7.4
